,date,national_holiday,counseled,day,month,week_of_month,counseled_lag1,counseled_lag7
date,1.0,0.0020438204036200024,0.14642720944366858,-0.001197187150115733,-0.054926185214629684,0.051708871150628735,0.1547958931766842,0.19408941080640477
national_holiday,0.0020438204036200024,1.0,0.7151975888697979,0.6928931664157294,-0.011548410454476838,-0.02811209604058727,0.3340778154634682,0.5852195760852646
counseled,0.14642720944366858,0.7151975888697979,1.0,0.5037617844721227,0.04176117434945835,0.13340869600954325,0.3123114853574727,0.624229375850221
day,-0.001197187150115733,0.6928931664157294,0.5037617844721227,1.0,0.009103307770938634,-0.046909133919347576,0.17068871396814292,0.4688473037018675
month,-0.054926185214629684,-0.011548410454476838,0.04176117434945835,0.009103307770938634,1.0,0.07437361853231036,0.06276992159852719,0.0189733728207039
week_of_month,0.051708871150628735,-0.02811209604058727,0.13340869600954325,-0.046909133919347576,0.07437361853231036,1.0,0.29883494894856744,-0.043072599810861985
counseled_lag1,0.1547958931766842,0.3340778154634682,0.3123114853574727,0.17068871396814292,0.06276992159852719,0.29883494894856744,1.0,0.19841255609308633
counseled_lag7,0.19408941080640477,0.5852195760852646,0.624229375850221,0.4688473037018675,0.0189733728207039,-0.043072599810861985,0.19841255609308633,1.0
